30 2.00458, 431.37, 29.66, 1
31 2.21738, 466.75, 29.49, 1
32 2.58602, 509.86, 30.93, 1
33 2.87914, 546.56, 33.43, 1
34 3.37332, 588.475, 34.9293, 0.99
35 3.43649, 619.163, 35.8367, 0.98
36 4.25675, 672.866, 39.7835, 0.97
37 4.05514, 717.124, 38.9381, 0.97
38 4.44128, 765.327, 40.6939, 0.98
39 4.80379, 802.196, 40.7717, 0.92
40 5.38948, 841.871, 41.4118, 0.85
40 5.66868, 836.776, 40.7105, 0.76
41 5.92077, 864.548, 40.411, 0.73
42 7.48506, 898.295, 41.1136, 0.44
43 9.8454, 913.077, 41.5385, 0.13
44 13.5625, 942.5, 38.5, 0.06
45 -nan, -nan, -nan, 0
46 -nan, -nan, -nan, 0
47 -nan, -nan, -nan, 0
48 -nan, -nan, -nan, 0
49 -nan, -nan, -nan, 0
