30 1.38081, 433.763, 28.3402, 0.97
31 1.6098, 471.838, 30.2727, 0.99
32 1.70644, 510.495, 31.2626, 0.99
33 1.95607, 547.939, 34.3469, 0.98
34 1.97465, 576.242, 33.5455, 0.99
35 2.5379, 625.286, 36.7347, 0.98
36 2.5307, 669.27, 38.25, 1
37 2.70782, 726.76, 39.6146, 0.96
38 2.58103, 753.32, 39.268, 0.97
39 2.82285, 796.874, 40.3368, 0.95
40 4.00346, 836.656, 40.3, 0.9
41 3.80195, 877.897, 40.8824, 0.68
42 4.14483, 900.489, 41.9556, 0.45
43 5.31603, 922.462, 38.2308, 0.13
44 8.28176, 924, 36.5, 0.06
45 6.63761, 945.5, 40, 0.02
46 -nan, -nan, -nan, 0
47 -nan, -nan, -nan, 0
48 -nan, -nan, -nan, 0
49 -nan, -nan, -nan, 0
