30 0.991203, 433, 28.7216, 0.97
31 1.16594, 469.684, 29.9898, 0.98
32 1.29516, 507.09, 31.58, 1
33 1.43722, 554.212, 33.6364, 0.99
34 1.59213, 583.798, 34.6566, 0.99
35 2.34469, 626.01, 35.7071, 0.99
36 2.09281, 669.051, 37.8384, 0.99
37 1.916, 723.206, 39.9485, 0.97
38 2.12238, 763.277, 39.1702, 0.94
39 2.35562, 807.292, 40.7416, 0.89
40 2.76649, 832.553, 41.0706, 0.85
41 3.45259, 877.027, 40.2133, 0.75
42 3.95345, 894.561, 41.561, 0.41
43 6.08145, 912.15, 41.5, 0.2
44 7.71994, 941, 42, 0.05
45 6.78485, 944, 45, 0.01
46 -nan, -nan, -nan, 0
47 -nan, -nan, -nan, 0
48 -nan, -nan, -nan, 0
49 -nan, -nan, -nan, 0
